1R2 0 1 0.02 0.1 6 1000 0.005
1R2 0 1 0.02 0.1 8 1000 0.005
1R2 0 1 0.02 0.2 8 1000 0.005
1R2 0 1 0.02 0.5 8 1000 0.005
1R4a 0 1 0.02 0.1 6 1000 0.005
1R4a 0 1 0.02 0.1 8 1000 0.005
1R4a 0 1 0.02 0.2 2 1000 0.005
1R4a 0 1 0.02 0.2 4 1000 0.005
1R4a 0 1 0.02 0.2 6 1000 0.005
1R4a 0 1 0.02 0.2 8 1000 0.005
1R4a 0 1 0.02 0.5 2 1000 0.005
1R4a 0 1 0.02 0.5 4 1000 0.005
1R4a 0 1 0.02 0.5 6 1000 0.005
1R4a 0 1 0.02 0.5 8 1000 0.005
1R4a 0 1 0.02 1.0 2 1000 0.01
1R4a 0 1 0.02 1.0 4 1000 0.01
1R4a 0 1 0.02 1.0 6 1000 0.01
1R4a 0 1 0.02 1.0 8 1000 0.01
1R4a 0 1 0.02 2.0 2 1000 0.01
1R4a 0 1 0.02 2.0 4 1000 0.01
1R4a 0 1 0.02 2.0 6 1000 0.01
1R4a 0 1 0.02 2.0 8 1000 0.01
1R4a 0 1 0.02 5.0 2 1000 0.01
1R4a 0 1 0.02 5.0 6 1000 0.01
1R4a 0 1 0.02 5.0 8 1000 0.01
1R4a 0 1 0.02 10.0 2 1000 0.01
1R4a 0 1 0.02 10.0 8 1000 0.01
1R4a 0 1 0.02 20.0 2 1000 0.01
1R4a 0 1 0.02 50.0 2 1000 0.01